    0.000e+00     1.000e+00     0.000e+00     0.000e+00 
    4.486e-04     1.000e+00     4.486e-04     0.000e+00 
    8.972e-04     1.000e+00     8.972e-04     0.000e+00 
    1.346e-03     1.000e+00     1.346e-03     0.000e+00 
    1.794e-03     1.000e+00     1.794e-03     0.000e+00 
    2.243e-03     1.000e+00     2.243e-03     0.000e+00 
    2.692e-03     1.000e+00     2.692e-03     0.000e+00 
    3.140e-03     1.000e+00     3.140e-03     0.000e+00 
    3.589e-03     1.000e+00     3.589e-03     0.000e+00 
    4.037e-03     1.000e+00     4.037e-03     0.000e+00 
    4.486e-03     1.000e+00     4.486e-03     0.000e+00 
    4.935e-03     1.000e+00     4.935e-03     0.000e+00 
    5.383e-03     1.000e+00     5.383e-03     0.000e+00 
    5.832e-03     1.000e+00     5.832e-03     0.000e+00 
    6.280e-03     1.000e+00     6.280e-03     0.000e+00 
    6.729e-03     1.000e+00     6.729e-03     0.000e+00 
    7.177e-03     1.000e+00     7.177e-03     0.000e+00 
    7.626e-03     1.000e+00     7.626e-03     0.000e+00 
    8.075e-03     1.000e+00     8.075e-03     0.000e+00 
    8.523e-03     1.000e+00     8.523e-03     0.000e+00 
    8.972e-03     1.000e+00     8.972e-03     0.000e+00 
    9.420e-03     1.000e+00     9.420e-03     0.000e+00 
    9.869e-03     1.000e+00     9.869e-03     0.000e+00 
    1.032e-02     1.000e+00     1.032e-02     0.000e+00 
    1.077e-02     1.000e+00     1.077e-02     0.000e+00 
    1.121e-02     1.000e+00     1.121e-02     0.000e+00 
    1.166e-02     1.000e+00     1.166e-02    -2.538e-51 
    1.211e-02     1.000e+00     1.211e-02     4.738e-48 
    1.256e-02     1.000e+00     1.256e-02    -6.869e-43 
    1.301e-02     1.000e+00     1.301e-02     1.091e-42 
    1.346e-02     1.000e+00     1.346e-02    -5.520e-42 
    1.391e-02     1.000e+00     1.391e-02    -4.256e-40 
    1.435e-02     1.000e+00     1.435e-02    -2.631e-39 
    1.480e-02     1.000e+00     1.480e-02    -5.424e-39 
    1.525e-02     1.000e+00     1.525e-02     1.491e-38 
    1.570e-02     1.000e+00     1.570e-02     1.543e-37 
    1.615e-02     1.000e+00     1.615e-02     6.444e-37 
    1.660e-02     1.000e+00     1.660e-02     1.841e-36 
    1.705e-02     1.000e+00     1.705e-02     3.961e-36 
    1.750e-02     1.000e+00     1.750e-02     6.436e-36 
    1.794e-02     1.000e+00     1.794e-02     6.830e-36 
    1.839e-02     1.000e+00     1.839e-02    -4.255e-37 
    1.884e-02     1.000e+00     1.884e-02    -2.422e-35 
    1.929e-02     1.000e+00     1.929e-02    -7.143e-35 
    1.974e-02     1.000e+00     1.974e-02    -1.281e-34 
    2.019e-02     1.000e+00     2.019e-02    -1.189e-34 
    2.064e-02     1.000e+00     2.064e-02     2.628e-34 
    2.108e-02     1.000e+00     2.108e-02     2.038e-33 
    2.153e-02     1.000e+00     2.153e-02     7.867e-33 
    2.198e-02     1.000e+00     2.198e-02     2.353e-32 
    2.243e-02     1.000e+00     2.243e-02     6.011e-32 
    2.288e-02     1.000e+00     2.288e-02     1.368e-31 
    2.333e-02     1.000e+00     2.333e-02     2.843e-31 
    2.378e-02     1.000e+00     2.378e-02     5.470e-31 
    2.422e-02     1.000e+00     2.422e-02     9.798e-31 
    2.467e-02     1.000e+00     2.467e-02     1.633e-30 
    2.512e-02     1.000e+00     2.512e-02     2.515e-30 
    2.557e-02     1.000e+00     2.557e-02     3.531e-30 
    2.602e-02     1.000e+00     2.602e-02     4.302e-30 
    2.647e-02     1.000e+00     2.647e-02     3.840e-30 
    2.692e-02     1.000e+00     2.692e-02    -8.263e-32 
    2.736e-02     1.000e+00     2.736e-02    -1.132e-29 
    2.781e-02     1.000e+00     2.781e-02    -3.481e-29 
    2.826e-02     1.000e+00     2.826e-02    -7.513e-29 
    2.871e-02     1.000e+00     2.871e-02    -1.346e-28 
    2.916e-02     1.000e+00     2.916e-02    -2.131e-28 
    2.961e-02     1.000e+00     2.961e-02    -3.128e-28 
    3.006e-02     1.000e+00     3.006e-02    -4.462e-28 
    3.050e-02     1.000e+00     3.050e-02    -6.450e-28 
    3.095e-02     1.000e+00     3.095e-02    -9.662e-28 
    3.140e-02     1.000e+00     3.140e-02    -1.481e-27 
    3.185e-02     1.000e+00     3.185e-02    -2.258e-27 
    3.230e-02     1.000e+00     3.230e-02    -3.335e-27 
    3.275e-02     1.000e+00     3.275e-02    -4.669e-27 
    3.320e-02     1.000e+00     3.320e-02    -6.072e-27 
    3.364e-02     1.000e+00     3.364e-02    -7.182e-27 
    3.409e-02     1.000e+00     3.409e-02    -2.487e-27 
    3.454e-02     1.000e+00     3.454e-02     5.028e-28 
    3.499e-02     1.000e+00     3.499e-02     1.624e-27 
    3.544e-02     1.000e+00     3.544e-02     9.455e-28 
    3.589e-02     1.000e+00     3.589e-02    -1.833e-28 
    3.634e-02     1.000e+00     3.634e-02     3.765e-28 
    3.678e-02     1.000e+00     3.678e-02    -2.143e-27 
    3.723e-02     1.000e+00     3.723e-02    -1.398e-26 
    3.768e-02     1.000e+00     3.768e-02    -4.340e-26 
    3.813e-02     1.000e+00     3.813e-02    -1.026e-25 
    3.858e-02     1.000e+00     3.858e-02    -2.126e-25 
    3.903e-02     1.000e+00     3.903e-02    -4.025e-25 
    3.948e-02     1.000e+00     3.948e-02    -7.108e-25 
    3.992e-02     1.000e+00     3.992e-02    -1.182e-24 
    4.037e-02     1.000e+00     4.037e-02    -1.863e-24 
    4.082e-02     1.000e+00     4.082e-02    -2.765e-24 
    4.127e-02     1.000e+00     4.127e-02    -3.964e-24 
    4.172e-02     1.000e+00     4.172e-02    -5.542e-24 
    4.217e-02     1.000e+00     4.217e-02    -7.585e-24 
    4.262e-02     1.000e+00     4.262e-02    -1.007e-23 
    4.306e-02     1.000e+00     4.306e-02    -1.306e-23 
    4.351e-02     1.000e+00     4.351e-02    -1.677e-23 
    4.396e-02     1.000e+00     4.396e-02    -2.156e-23 
    4.441e-02     1.000e+00     4.441e-02    -2.798e-23 
    4.486e-02     1.000e+00     4.486e-02    -3.674e-23 
    4.531e-02     1.000e+00     4.531e-02    -4.857e-23 
    4.576e-02     1.000e+00     4.576e-02    -6.450e-23 
    4.621e-02     1.000e+00     4.621e-02    -8.566e-23 
    4.665e-02     1.000e+00     4.665e-02    -1.133e-22 
    4.710e-02     1.000e+00     4.710e-02    -1.491e-22 
    4.755e-02     1.000e+00     4.755e-02    -1.954e-22 
    4.800e-02     1.000e+00     4.800e-02    -2.565e-22 
    4.845e-02     1.000e+00     4.845e-02    -3.369e-22 
    4.890e-02     1.000e+00     4.890e-02    -4.415e-22 
    4.935e-02     1.000e+00     4.935e-02    -5.751e-22 
    4.979e-02     1.000e+00     4.979e-02    -7.436e-22 
    5.024e-02     1.000e+00     5.024e-02    -9.465e-22 
    5.069e-02     1.000e+00     5.069e-02    -1.182e-21 
    5.114e-02     1.000e+00     5.114e-02    -1.447e-21 
    5.159e-02     1.000e+00     5.159e-02    -1.738e-21 
    5.204e-02     1.000e+00     5.204e-02    -2.051e-21 
    5.249e-02     1.000e+00     5.249e-02    -2.383e-21 
    5.293e-02     1.000e+00     5.293e-02    -2.733e-21 
    5.338e-02     1.000e+00     5.338e-02    -3.106e-21 
    5.383e-02     1.000e+00     5.383e-02    -3.520e-21 
    5.428e-02     1.000e+00     5.428e-02    -3.999e-21 
    5.473e-02     1.000e+00     5.473e-02    -4.572e-21 
    5.518e-02     1.000e+00     5.518e-02    -5.278e-21 
    5.563e-02     1.000e+00     5.563e-02    -6.172e-21 
    5.607e-02     1.000e+00     5.607e-02    -7.312e-21 
    5.652e-02     1.000e+00     5.652e-02    -8.755e-21 
    5.697e-02     1.000e+00     5.697e-02    -1.055e-20 
    5.742e-02     1.000e+00     5.742e-02    -1.271e-20 
    5.787e-02     1.000e+00     5.787e-02    -1.528e-20 
    5.832e-02     1.000e+00     5.832e-02    -1.824e-20 
    5.877e-02     1.000e+00     5.877e-02    -2.161e-20 
    5.921e-02     1.000e+00     5.921e-02    -2.537e-20 
    5.966e-02     1.000e+00     5.966e-02    -2.937e-20 
    6.011e-02     1.000e+00     6.011e-02    -3.362e-20 
    6.056e-02     1.000e+00     6.056e-02    -3.822e-20 
    6.101e-02     1.000e+00     6.101e-02    -4.319e-20 
    6.146e-02     1.000e+00     6.146e-02    -4.847e-20 
    6.191e-02     1.000e+00     6.191e-02    -5.494e-20 
    6.235e-02     1.000e+00     6.235e-02    -6.374e-20 
    6.280e-02     1.000e+00     6.280e-02    -7.435e-20 
    6.325e-02     1.000e+00     6.325e-02    -8.646e-20 
    6.370e-02     1.000e+00     6.370e-02    -9.911e-20 
    6.415e-02     1.000e+00     6.415e-02    -1.113e-19 
    6.460e-02     1.000e+00     6.460e-02    -1.231e-19 
    6.505e-02     1.000e+00     6.505e-02    -1.344e-19 
    6.549e-02     1.000e+00     6.549e-02    -1.446e-19 
    6.594e-02     1.000e+00     6.594e-02    -1.528e-19 
    6.639e-02     1.000e+00     6.639e-02    -1.580e-19 
    6.684e-02     1.000e+00     6.684e-02    -1.590e-19 
    6.729e-02     1.000e+00     6.729e-02    -1.543e-19 
    6.774e-02     1.000e+00     6.774e-02    -1.424e-19 
    6.819e-02     1.000e+00     6.819e-02    -1.217e-19 
    6.863e-02     1.000e+00     6.863e-02    -9.154e-20 
    6.908e-02     1.000e+00     6.908e-02    -5.153e-20 
    6.953e-02     1.000e+00     6.953e-02    -2.047e-21 
    6.998e-02     1.000e+00     6.998e-02     5.593e-20 
    7.043e-02     1.000e+00     7.043e-02     1.210e-19 
    7.088e-02     1.000e+00     7.088e-02     1.926e-19 
    7.133e-02     1.000e+00     7.133e-02     2.653e-19 
    7.177e-02     1.000e+00     7.177e-02     3.293e-19 
    7.222e-02     1.000e+00     7.222e-02     3.731e-19 
    7.267e-02     1.000e+00     7.267e-02     3.853e-19 
    7.312e-02     1.000e+00     7.312e-02     3.541e-19 
    7.357e-02     1.000e+00     7.357e-02     2.644e-19 
    7.402e-02     1.000e+00     7.402e-02     1.017e-19 
    7.447e-02     1.000e+00     7.447e-02    -1.465e-19 
    7.492e-02     1.000e+00     7.492e-02    -4.889e-19 
    7.536e-02     1.000e+00     7.536e-02    -9.360e-19 
    7.581e-02     1.000e+00     7.581e-02    -1.505e-18 
    7.626e-02     1.000e+00     7.626e-02    -2.218e-18 
    7.671e-02     1.000e+00     7.671e-02    -3.107e-18 
    7.716e-02     1.000e+00     7.716e-02    -4.217e-18 
    7.761e-02     1.000e+00     7.761e-02    -5.601e-18 
    7.806e-02     1.000e+00     7.806e-02    -7.324e-18 
    7.850e-02     1.000e+00     7.850e-02    -9.446e-18 
    7.895e-02     1.000e+00     7.895e-02    -1.202e-17 
    7.940e-02     1.000e+00     7.940e-02    -1.509e-17 
    7.985e-02     1.000e+00     7.985e-02    -1.869e-17 
    8.030e-02     1.000e+00     8.030e-02    -2.288e-17 
    8.075e-02     1.000e+00     8.075e-02    -2.770e-17 
    8.120e-02     1.000e+00     8.120e-02    -3.321e-17 
    8.164e-02     1.000e+00     8.164e-02    -3.947e-17 
    8.209e-02     1.000e+00     8.209e-02    -4.650e-17 
    8.254e-02     1.000e+00     8.254e-02    -5.434e-17 
    8.299e-02     1.000e+00     8.299e-02    -6.302e-17 
    8.344e-02     1.000e+00     8.344e-02    -7.258e-17 
    8.389e-02     1.000e+00     8.389e-02    -8.309e-17 
    8.434e-02     1.000e+00     8.434e-02    -9.460e-17 
    8.478e-02     1.000e+00     8.478e-02    -1.070e-16 
    8.523e-02     1.000e+00     8.523e-02    -1.202e-16 
    8.568e-02     1.000e+00     8.568e-02    -1.339e-16 
    8.613e-02     1.000e+00     8.613e-02    -1.480e-16 
    8.658e-02     1.000e+00     8.658e-02    -1.624e-16 
    8.703e-02     1.000e+00     8.703e-02    -1.770e-16 
    8.748e-02     1.000e+00     8.748e-02    -1.916e-16 
    8.792e-02     1.000e+00     8.792e-02    -2.059e-16 
    8.837e-02     1.000e+00     8.837e-02    -2.197e-16 
    8.882e-02     1.000e+00     8.882e-02    -2.326e-16 
    8.927e-02     1.000e+00     8.927e-02    -2.441e-16 
    8.972e-02     1.000e+00     8.972e-02    -2.539e-16 
    9.017e-02     1.000e+00     9.017e-02    -2.615e-16 
    9.062e-02     1.000e+00     9.062e-02    -2.667e-16 
    9.106e-02     1.000e+00     9.106e-02    -2.688e-16 
    9.151e-02     1.000e+00     9.151e-02    -2.670e-16 
    9.196e-02     1.000e+00     9.196e-02    -2.602e-16 
    9.241e-02     1.000e+00     9.241e-02    -2.472e-16 
    9.286e-02     1.000e+00     9.286e-02    -2.273e-16 
    9.331e-02     1.000e+00     9.331e-02    -1.996e-16 
    9.376e-02     1.000e+00     9.376e-02    -1.636e-16 
    9.420e-02     1.000e+00     9.420e-02    -1.166e-16 
    9.465e-02     1.000e+00     9.465e-02    -5.385e-17 
    9.510e-02     1.000e+00     9.510e-02     2.941e-17 
    9.555e-02     1.000e+00     9.555e-02     1.374e-16 
    9.600e-02     1.000e+00     9.600e-02     2.736e-16 
    9.645e-02     1.000e+00     9.645e-02     4.448e-16 
    9.690e-02     1.000e+00     9.690e-02     6.543e-16 
    9.734e-02     1.000e+00     9.734e-02     8.960e-16 
    9.779e-02     1.000e+00     9.779e-02     1.161e-15 
    9.824e-02     1.000e+00     9.824e-02     1.441e-15 
    9.869e-02     1.000e+00     9.869e-02     1.730e-15 
    9.914e-02     1.000e+00     9.914e-02     2.022e-15 
    9.959e-02     1.000e+00     9.959e-02     2.317e-15 
    1.000e-01     1.000e+00     1.000e-01     2.615e-15 
    1.005e-01     1.000e+00     1.005e-01     2.914e-15 
    1.009e-01     1.000e+00     1.009e-01     3.214e-15 
    1.014e-01     1.000e+00     1.014e-01     3.516e-15 
    1.018e-01     1.000e+00     1.018e-01     3.819e-15 
    1.023e-01     1.000e+00     1.023e-01     4.105e-15 
    1.027e-01     1.000e+00     1.027e-01     4.334e-15 
    1.032e-01     1.000e+00     1.032e-01     4.494e-15 
    1.036e-01     1.000e+00     1.036e-01     4.587e-15 
    1.041e-01     1.000e+00     1.041e-01     4.621e-15 
    1.045e-01     1.000e+00     1.045e-01     4.610e-15 
    1.050e-01     1.000e+00     1.050e-01     4.566e-15 
    1.054e-01     1.000e+00     1.054e-01     4.499e-15 
    1.059e-01     1.000e+00     1.059e-01     4.426e-15 
    1.063e-01     1.000e+00     1.063e-01     4.362e-15 
    1.068e-01     1.000e+00     1.068e-01     4.319e-15 
    1.072e-01     1.000e+00     1.072e-01     4.291e-15 
    1.077e-01     1.000e+00     1.077e-01     4.266e-15 
    1.081e-01     1.000e+00     1.081e-01     4.229e-15 
    1.086e-01     1.000e+00     1.086e-01     4.151e-15 
    1.090e-01     1.000e+00     1.090e-01     3.998e-15 
    1.095e-01     1.000e+00     1.095e-01     3.735e-15 
    1.099e-01     1.000e+00     1.099e-01     3.148e-15 
    1.104e-01     1.000e+00     1.104e-01     2.309e-15 
    1.108e-01     1.000e+00     1.108e-01     1.433e-15 
    1.113e-01     1.000e+00     1.113e-01     5.894e-16 
    1.117e-01     1.000e+00     1.117e-01    -2.880e-16 
    1.121e-01     1.000e+00     1.121e-01    -1.180e-15 
    1.126e-01     1.000e+00     1.126e-01    -2.098e-15 
    1.130e-01     1.000e+00     1.130e-01    -3.081e-15 
    1.135e-01     1.000e+00     1.135e-01    -4.139e-15 
    1.139e-01     1.000e+00     1.139e-01    -5.261e-15 
    1.144e-01     1.000e+00     1.144e-01    -6.422e-15 
    1.148e-01     1.000e+00     1.148e-01    -7.597e-15 
    1.153e-01     1.000e+00     1.153e-01    -8.762e-15 
    1.157e-01     1.000e+00     1.157e-01    -9.906e-15 
    1.162e-01     1.000e+00     1.162e-01    -1.103e-14 
    1.166e-01     1.000e+00     1.166e-01    -1.215e-14 
    1.171e-01     1.000e+00     1.171e-01    -1.328e-14 
    1.175e-01     1.000e+00     1.175e-01    -1.444e-14 
    1.180e-01     1.000e+00     1.180e-01    -1.566e-14 
    1.184e-01     1.000e+00     1.184e-01    -1.698e-14 
    1.189e-01     1.000e+00     1.189e-01    -1.845e-14 
    1.193e-01     1.000e+00     1.193e-01    -2.011e-14 
    1.198e-01     1.000e+00     1.198e-01    -2.198e-14 
    1.202e-01     1.000e+00     1.202e-01    -2.410e-14 
    1.207e-01     1.000e+00     1.207e-01    -2.643e-14 
    1.211e-01     1.000e+00     1.211e-01    -2.900e-14 
    1.216e-01     1.000e+00     1.216e-01    -3.180e-14 
    1.220e-01     1.000e+00     1.220e-01    -3.484e-14 
    1.225e-01     1.000e+00     1.225e-01    -3.814e-14 
    1.229e-01     1.000e+00     1.229e-01    -4.172e-14 
    1.234e-01     1.000e+00     1.234e-01    -4.559e-14 
    1.238e-01     1.000e+00     1.238e-01    -4.974e-14 
    1.243e-01     1.000e+00     1.243e-01    -5.415e-14 
    1.247e-01     1.000e+00     1.247e-01    -5.880e-14 
    1.252e-01     1.000e+00     1.252e-01    -6.368e-14 
    1.256e-01     1.000e+00     1.256e-01    -6.874e-14 
    1.261e-01     1.000e+00     1.261e-01    -7.398e-14 
    1.265e-01     1.000e+00     1.265e-01    -7.936e-14 
    1.270e-01     1.000e+00     1.270e-01    -8.485e-14 
    1.274e-01     1.000e+00     1.274e-01    -9.045e-14 
    1.278e-01     1.000e+00     1.278e-01    -9.612e-14 
    1.283e-01     1.000e+00     1.283e-01    -1.018e-13 
    1.287e-01     1.000e+00     1.287e-01    -1.076e-13 
    1.292e-01     1.000e+00     1.292e-01    -1.134e-13 
    1.296e-01     1.000e+00     1.296e-01    -1.191e-13 
    1.301e-01     1.000e+00     1.301e-01    -1.248e-13 
    1.305e-01     1.000e+00     1.305e-01    -1.303e-13 
    1.310e-01     1.000e+00     1.310e-01    -1.357e-13 
    1.314e-01     1.000e+00     1.314e-01    -1.408e-13 
    1.319e-01     1.000e+00     1.319e-01    -1.456e-13 
    1.323e-01     1.000e+00     1.323e-01    -1.503e-13 
    1.328e-01     1.000e+00     1.328e-01    -1.546e-13 
    1.332e-01     1.000e+00     1.332e-01    -1.588e-13 
    1.337e-01     1.000e+00     1.337e-01    -1.627e-13 
    1.341e-01     1.000e+00     1.341e-01    -1.674e-13 
    1.346e-01     1.000e+00     1.346e-01    -1.721e-13 
    1.350e-01     1.000e+00     1.350e-01    -1.764e-13 
    1.355e-01     1.000e+00     1.355e-01    -1.798e-13 
    1.359e-01     1.000e+00     1.359e-01    -1.822e-13 
    1.364e-01     1.000e+00     1.364e-01    -1.832e-13 
    1.368e-01     1.000e+00     1.368e-01    -1.829e-13 
    1.373e-01     1.000e+00     1.373e-01    -1.809e-13 
    1.377e-01     1.000e+00     1.377e-01    -1.773e-13 
    1.382e-01     1.000e+00     1.382e-01    -1.719e-13 
    1.386e-01     1.000e+00     1.386e-01    -1.641e-13 
    1.391e-01     1.000e+00     1.391e-01    -1.535e-13 
    1.395e-01     1.000e+00     1.395e-01    -1.383e-13 
    1.400e-01     1.000e+00     1.400e-01    -1.179e-13 
    1.404e-01     1.000e+00     1.404e-01    -9.170e-14 
    1.409e-01     1.000e+00     1.409e-01    -5.995e-14 
    1.413e-01     1.000e+00     1.413e-01    -2.500e-14 
    1.418e-01     1.000e+00     1.418e-01     1.212e-14 
    1.422e-01     1.000e+00     1.422e-01     5.134e-14 
    1.427e-01     1.000e+00     1.427e-01     9.300e-14 
    1.431e-01     1.000e+00     1.431e-01     1.375e-13 
    1.435e-01     1.000e+00     1.435e-01     1.854e-13 
    1.440e-01     1.000e+00     1.440e-01     2.368e-13 
    1.444e-01     1.000e+00     1.444e-01     2.923e-13 
    1.449e-01     1.000e+00     1.449e-01     3.521e-13 
    1.453e-01     1.000e+00     1.453e-01     4.166e-13 
    1.458e-01     1.000e+00     1.458e-01     4.861e-13 
    1.462e-01     1.000e+00     1.462e-01     5.608e-13 
    1.467e-01     1.000e+00     1.467e-01     6.412e-13 
    1.471e-01     1.000e+00     1.471e-01     7.276e-13 
    1.476e-01     1.000e+00     1.476e-01     8.190e-13 
    1.480e-01     1.000e+00     1.480e-01     9.135e-13 
    1.485e-01     1.000e+00     1.485e-01     1.011e-12 
    1.489e-01     1.000e+00     1.489e-01     1.114e-12 
    1.494e-01     1.000e+00     1.494e-01     1.225e-12 
    1.498e-01     1.000e+00     1.498e-01     1.344e-12 
    1.503e-01     1.000e+00     1.503e-01     1.475e-12 
    1.507e-01     1.000e+00     1.507e-01     1.621e-12 
    1.512e-01     1.000e+00     1.512e-01     1.779e-12 
    1.516e-01     1.000e+00     1.516e-01     1.948e-12 
    1.521e-01     1.000e+00     1.521e-01     2.127e-12 
    1.525e-01     1.000e+00     1.525e-01     2.315e-12 
    1.530e-01     1.000e+00     1.530e-01     2.512e-12 
    1.534e-01     1.000e+00     1.534e-01     2.717e-12 
    1.539e-01     1.000e+00     1.539e-01     2.930e-12 
    1.543e-01     1.000e+00     1.543e-01     3.149e-12 
    1.548e-01     1.000e+00     1.548e-01     3.372e-12 
    1.552e-01     1.000e+00     1.552e-01     3.594e-12 
    1.557e-01     1.000e+00     1.557e-01     3.813e-12 
    1.561e-01     1.000e+00     1.561e-01     4.023e-12 
    1.566e-01     1.000e+00     1.566e-01     4.221e-12 
    1.570e-01     1.000e+00     1.570e-01     4.403e-12 
    1.575e-01     1.000e+00     1.575e-01     4.564e-12 
    1.579e-01     1.000e+00     1.579e-01     4.702e-12 
    1.584e-01     1.000e+00     1.584e-01     4.811e-12 
    1.588e-01     1.000e+00     1.588e-01     4.891e-12 
    1.593e-01     1.000e+00     1.593e-01     4.940e-12 
    1.597e-01     1.000e+00     1.597e-01     4.952e-12 
    1.601e-01     1.000e+00     1.601e-01     4.920e-12 
    1.606e-01     1.000e+00     1.606e-01     4.844e-12 
    1.610e-01     1.000e+00     1.610e-01     4.721e-12 
    1.615e-01     1.000e+00     1.615e-01     4.547e-12 
    1.619e-01     1.000e+00     1.619e-01     4.318e-12 
    1.624e-01     1.000e+00     1.624e-01     4.038e-12 
    1.628e-01     1.000e+00     1.628e-01     3.706e-12 
    1.633e-01     1.000e+00     1.633e-01     3.325e-12 
    1.637e-01     1.000e+00     1.637e-01     2.896e-12 
    1.642e-01     1.000e+00     1.642e-01     2.424e-12 
    1.646e-01     1.000e+00     1.646e-01     1.910e-12 
    1.651e-01     1.000e+00     1.651e-01     1.357e-12 
    1.655e-01     1.000e+00     1.655e-01     7.697e-13 
    1.660e-01     1.000e+00     1.660e-01     1.560e-13 
    1.664e-01     1.000e+00     1.664e-01    -4.802e-13 
    1.669e-01     1.000e+00     1.669e-01    -1.133e-12 
    1.673e-01     1.000e+00     1.673e-01    -1.798e-12 
    1.678e-01     1.000e+00     1.678e-01    -2.468e-12 
    1.682e-01     1.000e+00     1.682e-01    -3.140e-12 
    1.687e-01     1.000e+00     1.687e-01    -3.809e-12 
    1.691e-01     1.000e+00     1.691e-01    -4.480e-12 
    1.696e-01     1.000e+00     1.696e-01    -5.160e-12 
    1.700e-01     1.000e+00     1.700e-01    -5.857e-12 
    1.705e-01     1.000e+00     1.705e-01    -6.578e-12 
    1.709e-01     1.000e+00     1.709e-01    -7.327e-12 
    1.714e-01     1.000e+00     1.714e-01    -8.090e-12 
    1.718e-01     1.000e+00     1.718e-01    -8.846e-12 
    1.723e-01     1.000e+00     1.723e-01    -9.566e-12 
    1.727e-01     1.000e+00     1.727e-01    -1.022e-11 
    1.732e-01     1.000e+00     1.732e-01    -1.078e-11 
    1.736e-01     1.000e+00     1.736e-01    -1.123e-11 
    1.741e-01     1.000e+00     1.741e-01    -1.155e-11 
    1.745e-01     1.000e+00     1.745e-01    -1.171e-11 
    1.750e-01     1.000e+00     1.750e-01    -1.172e-11 
    1.754e-01     1.000e+00     1.754e-01    -1.156e-11 
    1.758e-01     1.000e+00     1.758e-01    -1.122e-11 
    1.763e-01     1.000e+00     1.763e-01    -1.070e-11 
    1.767e-01     1.000e+00     1.767e-01    -1.001e-11 
    1.772e-01     1.000e+00     1.772e-01    -9.124e-12 
    1.776e-01     1.000e+00     1.776e-01    -8.049e-12 
    1.781e-01     1.000e+00     1.781e-01    -6.776e-12 
    1.785e-01     1.000e+00     1.785e-01    -5.299e-12 
    1.790e-01     1.000e+00     1.790e-01    -3.607e-12 
    1.794e-01     1.000e+00     1.794e-01    -1.689e-12 
    1.799e-01     1.000e+00     1.799e-01     4.059e-13 
    1.803e-01     1.000e+00     1.803e-01     2.654e-12 
    1.808e-01     1.000e+00     1.808e-01     5.170e-12 
    1.812e-01     1.000e+00     1.812e-01     8.127e-12 
    1.817e-01     1.000e+00     1.817e-01     1.160e-11 
    1.821e-01     1.000e+00     1.821e-01     1.562e-11 
    1.826e-01     1.000e+00     1.826e-01     2.023e-11 
    1.830e-01     1.000e+00     1.830e-01     2.545e-11 
    1.835e-01     1.000e+00     1.835e-01     3.137e-11 
    1.839e-01     1.000e+00     1.839e-01     3.853e-11 
    1.844e-01     1.000e+00     1.844e-01     4.696e-11 
    1.848e-01     1.000e+00     1.848e-01     5.649e-11 
    1.853e-01     1.000e+00     1.853e-01     6.695e-11 
    1.857e-01     1.000e+00     1.857e-01     7.822e-11 
    1.862e-01     1.000e+00     1.862e-01     9.022e-11 
    1.866e-01     1.000e+00     1.866e-01     1.029e-10 
    1.871e-01     1.000e+00     1.871e-01     1.164e-10 
    1.875e-01     1.000e+00     1.875e-01     1.307e-10 
    1.880e-01     1.000e+00     1.880e-01     1.459e-10 
    1.884e-01     1.000e+00     1.884e-01     1.622e-10 
    1.889e-01     1.000e+00     1.889e-01     1.796e-10 
    1.893e-01     1.000e+00     1.893e-01     1.983e-10 
    1.898e-01     1.000e+00     1.898e-01     2.184e-10 
    1.902e-01     1.000e+00     1.902e-01     2.402e-10 
    1.907e-01     1.000e+00     1.907e-01     2.637e-10 
    1.911e-01     1.000e+00     1.911e-01     2.897e-10 
    1.915e-01     1.000e+00     1.915e-01     3.180e-10 
    1.920e-01     1.000e+00     1.920e-01     3.488e-10 
    1.924e-01     1.000e+00     1.924e-01     3.822e-10 
    1.929e-01     1.000e+00     1.929e-01     4.185e-10 
    1.933e-01     1.000e+00     1.933e-01     4.571e-10 
    1.938e-01     1.000e+00     1.938e-01     4.987e-10 
    1.942e-01     1.000e+00     1.942e-01     5.435e-10 
    1.947e-01     1.000e+00     1.947e-01     5.918e-10 
    1.951e-01     1.000e+00     1.951e-01     6.439e-10 
    1.956e-01     1.000e+00     1.956e-01     6.999e-10 
    1.960e-01     1.000e+00     1.960e-01     7.601e-10 
    1.965e-01     1.000e+00     1.965e-01     8.246e-10 
    1.969e-01     1.000e+00     1.969e-01     8.936e-10 
    1.974e-01     1.000e+00     1.974e-01     9.673e-10 
    1.978e-01     1.000e+00     1.978e-01     1.046e-09 
    1.983e-01     1.000e+00     1.983e-01     1.129e-09 
    1.987e-01     1.000e+00     1.987e-01     1.218e-09 
    1.992e-01     1.000e+00     1.992e-01     1.313e-09 
    1.996e-01     1.000e+00     1.996e-01     1.414e-09 
    2.001e-01     1.000e+00     2.001e-01     1.521e-09 
    2.005e-01     1.000e+00     2.005e-01     1.634e-09 
    2.010e-01     1.000e+00     2.010e-01     1.754e-09 
    2.014e-01     1.000e+00     2.014e-01     1.881e-09 
    2.019e-01     1.000e+00     2.019e-01     2.016e-09 
    2.023e-01     1.000e+00     2.023e-01     2.160e-09 
    2.028e-01     1.000e+00     2.028e-01     2.313e-09 
    2.032e-01     1.000e+00     2.032e-01     2.478e-09 
    2.037e-01     1.000e+00     2.037e-01     2.653e-09 
    2.041e-01     1.000e+00     2.041e-01     2.841e-09 
    2.046e-01     1.000e+00     2.046e-01     3.041e-09 
    2.050e-01     1.000e+00     2.050e-01     3.255e-09 
    2.055e-01     1.000e+00     2.055e-01     3.484e-09 
    2.059e-01     1.000e+00     2.059e-01     3.727e-09 
    2.064e-01     1.000e+00     2.064e-01     3.986e-09 
    2.068e-01     1.000e+00     2.068e-01     4.261e-09 
    2.073e-01     1.000e+00     2.073e-01     4.554e-09 
    2.077e-01     1.000e+00     2.077e-01     4.872e-09 
    2.081e-01     1.000e+00     2.081e-01     5.217e-09 
    2.086e-01     1.000e+00     2.086e-01     5.592e-09 
    2.090e-01     1.000e+00     2.090e-01     5.994e-09 
    2.095e-01     1.000e+00     2.095e-01     6.424e-09 
    2.099e-01     1.000e+00     2.099e-01     6.883e-09 
    2.104e-01     1.000e+00     2.104e-01     7.371e-09 
    2.108e-01     1.000e+00     2.108e-01     7.890e-09 
    2.113e-01     1.000e+00     2.113e-01     8.442e-09 
    2.117e-01     1.000e+00     2.117e-01     9.028e-09 
    2.122e-01     1.000e+00     2.122e-01     9.651e-09 
    2.126e-01     1.000e+00     2.126e-01     1.031e-08 
    2.131e-01     1.000e+00     2.131e-01     1.101e-08 
    2.135e-01     1.000e+00     2.135e-01     1.176e-08 
    2.140e-01     1.000e+00     2.140e-01     1.255e-08 
    2.144e-01     1.000e+00     2.144e-01     1.340e-08 
    2.149e-01     1.000e+00     2.149e-01     1.429e-08 
    2.153e-01     1.000e+00     2.153e-01     1.524e-08 
    2.158e-01     1.000e+00     2.158e-01     1.625e-08 
    2.162e-01     1.000e+00     2.162e-01     1.733e-08 
    2.167e-01     1.000e+00     2.167e-01     1.847e-08 
    2.171e-01     1.000e+00     2.171e-01     1.968e-08 
    2.176e-01     1.000e+00     2.176e-01     2.097e-08 
    2.180e-01     1.000e+00     2.180e-01     2.234e-08 
    2.185e-01     1.000e+00     2.185e-01     2.379e-08 
    2.189e-01     1.000e+00     2.189e-01     2.533e-08 
    2.194e-01     1.000e+00     2.194e-01     2.696e-08 
    2.198e-01     1.000e+00     2.198e-01     2.870e-08 
    2.203e-01     1.000e+00     2.203e-01     3.055e-08 
    2.207e-01     1.000e+00     2.207e-01     3.251e-08 
    2.212e-01     1.000e+00     2.212e-01     3.459e-08 
    2.216e-01     1.000e+00     2.216e-01     3.680e-08 
    2.221e-01     1.000e+00     2.221e-01     3.915e-08 
    2.225e-01     1.000e+00     2.225e-01     4.164e-08 
    2.230e-01     1.000e+00     2.230e-01     4.429e-08 
    2.234e-01     1.000e+00     2.234e-01     4.711e-08 
    2.238e-01     1.000e+00     2.238e-01     5.010e-08 
    2.243e-01     1.000e+00     2.243e-01     5.328e-08 
    2.247e-01     1.000e+00     2.247e-01     5.666e-08 
    2.252e-01     1.000e+00     2.252e-01     6.026e-08 
    2.256e-01     1.000e+00     2.256e-01     6.408e-08 
    2.261e-01     1.000e+00     2.261e-01     6.814e-08 
    2.265e-01     1.000e+00     2.265e-01     7.246e-08 
    2.270e-01     1.000e+00     2.270e-01     7.706e-08 
    2.274e-01     1.000e+00     2.274e-01     8.194e-08 
    2.279e-01     1.000e+00     2.279e-01     8.713e-08 
    2.283e-01     1.000e+00     2.283e-01     9.264e-08 
    2.288e-01     1.000e+00     2.288e-01     9.850e-08 
    2.292e-01     1.000e+00     2.292e-01     1.047e-07 
    2.297e-01     1.000e+00     2.297e-01     1.113e-07 
    2.301e-01     1.000e+00     2.301e-01     1.184e-07 
    2.306e-01     1.000e+00     2.306e-01     1.259e-07 
    2.310e-01     1.000e+00     2.310e-01     1.338e-07 
    2.315e-01     1.000e+00     2.315e-01     1.422e-07 
    2.319e-01     1.000e+00     2.319e-01     1.512e-07 
    2.324e-01     1.000e+00     2.324e-01     1.607e-07 
    2.328e-01     1.000e+00     2.328e-01     1.709e-07 
    2.333e-01     1.000e+00     2.333e-01     1.816e-07 
    2.337e-01     1.000e+00     2.337e-01     1.931e-07 
    2.342e-01     1.000e+00     2.342e-01     2.052e-07 
    2.346e-01     1.000e+00     2.346e-01     2.181e-07 
    2.351e-01     1.000e+00     2.351e-01     2.318e-07 
    2.355e-01     1.000e+00     2.355e-01     2.464e-07 
    2.360e-01     1.000e+00     2.360e-01     2.618e-07 
    2.364e-01     1.000e+00     2.364e-01     2.782e-07 
    2.369e-01     1.000e+00     2.369e-01     2.957e-07 
    2.373e-01     1.000e+00     2.373e-01     3.142e-07 
    2.378e-01     1.000e+00     2.378e-01     3.338e-07 
    2.382e-01     1.000e+00     2.382e-01     3.547e-07 
    2.387e-01     1.000e+00     2.387e-01     3.768e-07 
    2.391e-01     1.000e+00     2.391e-01     4.003e-07 
    2.395e-01     1.000e+00     2.395e-01     4.252e-07 
    2.400e-01     1.000e+00     2.400e-01     4.516e-07 
    2.404e-01     1.000e+00     2.404e-01     4.796e-07 
    2.409e-01     1.000e+00     2.409e-01     5.094e-07 
    2.413e-01     1.000e+00     2.413e-01     5.410e-07 
    2.418e-01     1.000e+00     2.418e-01     5.744e-07 
    2.422e-01     1.000e+00     2.422e-01     6.099e-07 
    2.427e-01     1.000e+00     2.427e-01     6.474e-07 
    2.431e-01     1.000e+00     2.431e-01     6.872e-07 
    2.436e-01     1.000e+00     2.436e-01     7.293e-07 
    2.440e-01     1.000e+00     2.440e-01     7.738e-07 
    2.445e-01     1.000e+00     2.445e-01     8.210e-07 
    2.449e-01     1.000e+00     2.449e-01     8.708e-07 
    2.454e-01     1.000e+00     2.454e-01     9.236e-07 
    2.458e-01     1.000e+00     2.458e-01     9.793e-07 
    2.463e-01     1.000e+00     2.463e-01     1.038e-06 
    2.467e-01     1.000e+00     2.467e-01     1.100e-06 
    2.472e-01     1.000e+00     2.472e-01     1.166e-06 
    2.476e-01     1.000e+00     2.476e-01     1.236e-06 
    2.481e-01     1.000e+00     2.481e-01     1.309e-06 
    2.485e-01     1.000e+00     2.485e-01     1.386e-06 
    2.490e-01     1.000e+00     2.490e-01     1.468e-06 
    2.494e-01     1.000e+00     2.494e-01     1.554e-06 
    2.499e-01     1.000e+00     2.499e-01     1.644e-06 
    2.503e-01     1.000e+00     2.503e-01     1.740e-06 
    2.508e-01     1.000e+00     2.508e-01     1.840e-06 
    2.512e-01     1.000e+00     2.512e-01     1.946e-06 
    2.517e-01     1.000e+00     2.517e-01     2.058e-06 
    2.521e-01     1.000e+00     2.521e-01     2.175e-06 
    2.526e-01     1.000e+00     2.526e-01     2.298e-06 
    2.530e-01     1.000e+00     2.530e-01     2.428e-06 
    2.535e-01     1.000e+00     2.535e-01     2.564e-06 
    2.539e-01     1.000e+00     2.539e-01     2.708e-06 
    2.544e-01     1.000e+00     2.544e-01     2.859e-06 
    2.548e-01     1.000e+00     2.548e-01     3.017e-06 
    2.552e-01     1.000e+00     2.552e-01     3.184e-06 
    2.557e-01     1.000e+00     2.557e-01     3.359e-06 
    2.561e-01     1.000e+00     2.561e-01     3.543e-06 
    2.566e-01     1.000e+00     2.566e-01     3.737e-06 
    2.570e-01     1.000e+00     2.570e-01     3.940e-06 
    2.575e-01     1.000e+00     2.575e-01     4.154e-06 
    2.579e-01     1.000e+00     2.579e-01     4.379e-06 
    2.584e-01     1.000e+00     2.584e-01     4.615e-06 
    2.588e-01     1.000e+00     2.588e-01     4.863e-06 
    2.593e-01     1.000e+00     2.593e-01     5.124e-06 
    2.597e-01     1.000e+00     2.597e-01     5.398e-06 
    2.602e-01     1.000e+00     2.602e-01     5.686e-06 
    2.606e-01     1.000e+00     2.606e-01     5.988e-06 
    2.611e-01     1.000e+00     2.611e-01     6.306e-06 
    2.615e-01     1.000e+00     2.615e-01     6.641e-06 
    2.620e-01     1.000e+00     2.620e-01     6.992e-06 
    2.624e-01     1.000e+00     2.624e-01     7.361e-06 
    2.629e-01     1.000e+00     2.629e-01     7.748e-06 
    2.633e-01     1.000e+00     2.633e-01     8.155e-06 
    2.638e-01     1.000e+00     2.638e-01     8.583e-06 
    2.642e-01     1.000e+00     2.642e-01     9.032e-06 
    2.647e-01     1.000e+00     2.647e-01     9.504e-06 
    2.651e-01     1.000e+00     2.651e-01     9.999e-06 
    2.656e-01     1.000e+00     2.656e-01     1.052e-05 
    2.660e-01     1.000e+00     2.660e-01     1.107e-05 
    2.665e-01     1.000e+00     2.665e-01     1.164e-05 
    2.669e-01     1.000e+00     2.669e-01     1.224e-05 
    2.674e-01     1.000e+00     2.674e-01     1.287e-05 
    2.678e-01     1.000e+00     2.678e-01     1.354e-05 
    2.683e-01     1.000e+00     2.683e-01     1.423e-05 
    2.687e-01     1.000e+00     2.687e-01     1.497e-05 
    2.692e-01     1.000e+00     2.692e-01     1.573e-05 
    2.696e-01     1.000e+00     2.696e-01     1.654e-05 
    2.701e-01     1.000e+00     2.701e-01     1.738e-05 
    2.705e-01     1.000e+00     2.705e-01     1.827e-05 
    2.710e-01     1.000e+00     2.710e-01     1.920e-05 
    2.714e-01     1.000e+00     2.714e-01     2.017e-05 
    2.718e-01     1.000e+00     2.718e-01     2.119e-05 
    2.723e-01     1.000e+00     2.723e-01     2.226e-05 
    2.727e-01     1.000e+00     2.727e-01     2.338e-05 
    2.732e-01     1.000e+00     2.732e-01     2.455e-05 
    2.736e-01     1.000e+00     2.736e-01     2.578e-05 
    2.741e-01     1.000e+00     2.741e-01     2.707e-05 
    2.745e-01     1.000e+00     2.745e-01     2.842e-05 
    2.750e-01     1.000e+00     2.750e-01     2.984e-05 
    2.754e-01     1.000e+00     2.754e-01     3.133e-05 
    2.759e-01     1.000e+00     2.759e-01     3.290e-05 
    2.763e-01     1.000e+00     2.763e-01     3.454e-05 
    2.768e-01     1.000e+00     2.768e-01     3.626e-05 
    2.772e-01     1.000e+00     2.772e-01     3.806e-05 
    2.777e-01     1.000e+00     2.777e-01     3.996e-05 
    2.781e-01     1.000e+00     2.781e-01     4.194e-05 
    2.786e-01     1.000e+00     2.786e-01     4.402e-05 
    2.790e-01     1.000e+00     2.790e-01     4.619e-05 
    2.795e-01     1.000e+00     2.795e-01     4.847e-05 
    2.799e-01     1.000e+00     2.799e-01     5.085e-05 
    2.804e-01     9.999e-01     2.804e-01     5.333e-05 
    2.808e-01     9.999e-01     2.808e-01     5.592e-05 
    2.813e-01     9.999e-01     2.813e-01     5.863e-05 
    2.817e-01     9.999e-01     2.817e-01     6.144e-05 
    2.822e-01     9.999e-01     2.822e-01     6.436e-05 
    2.826e-01     9.999e-01     2.826e-01     6.740e-05 
    2.831e-01     9.999e-01     2.831e-01     7.056e-05 
    2.835e-01     9.999e-01     2.835e-01     7.383e-05 
    2.840e-01     9.999e-01     2.840e-01     7.722e-05 
    2.844e-01     9.999e-01     2.844e-01     8.074e-05 
    2.849e-01     9.999e-01     2.849e-01     8.437e-05 
    2.853e-01     9.999e-01     2.853e-01     8.813e-05 
    2.858e-01     9.999e-01     2.858e-01     9.201e-05 
    2.862e-01     9.999e-01     2.862e-01     9.601e-05 
    2.867e-01     9.999e-01     2.867e-01     1.001e-04 
    2.871e-01     9.999e-01     2.871e-01     1.044e-04 
    2.875e-01     9.999e-01     2.875e-01     1.088e-04 
    2.880e-01     9.999e-01     2.880e-01     1.133e-04 
    2.884e-01     9.999e-01     2.884e-01     1.180e-04 
    2.889e-01     9.999e-01     2.889e-01     1.228e-04 
    2.893e-01     9.999e-01     2.893e-01     1.278e-04 
    2.898e-01     9.999e-01     2.898e-01     1.329e-04 
    2.902e-01     9.999e-01     2.902e-01     1.381e-04 
    2.907e-01     9.999e-01     2.907e-01     1.436e-04 
    2.911e-01     9.999e-01     2.911e-01     1.492e-04 
    2.916e-01     9.999e-01     2.916e-01     1.550e-04 
    2.920e-01     9.998e-01     2.920e-01     1.610e-04 
    2.925e-01     9.998e-01     2.925e-01     1.672e-04 
    2.929e-01     9.998e-01     2.929e-01     1.737e-04 
    2.934e-01     9.998e-01     2.934e-01     1.803e-04 
    2.938e-01     9.998e-01     2.938e-01     1.873e-04 
    2.943e-01     9.998e-01     2.943e-01     1.945e-04 
    2.947e-01     9.998e-01     2.947e-01     2.020e-04 
    2.952e-01     9.998e-01     2.952e-01     2.098e-04 
    2.956e-01     9.998e-01     2.956e-01     2.179e-04 
    2.961e-01     9.998e-01     2.961e-01     2.264e-04 
    2.965e-01     9.998e-01     2.965e-01     2.353e-04 
    2.970e-01     9.998e-01     2.970e-01     2.445e-04 
    2.974e-01     9.998e-01     2.974e-01     2.543e-04 
    2.979e-01     9.997e-01     2.979e-01     2.644e-04 
    2.983e-01     9.997e-01     2.983e-01     2.751e-04 
    2.988e-01     9.997e-01     2.988e-01     2.863e-04 
    2.992e-01     9.997e-01     2.992e-01     2.980e-04 
    2.997e-01     9.997e-01     2.997e-01     3.104e-04 
    3.001e-01     9.997e-01     3.001e-01     3.233e-04 
    3.006e-01     9.997e-01     3.006e-01     3.369e-04 
    3.010e-01     9.997e-01     3.010e-01     3.512e-04 
    3.015e-01     9.996e-01     3.015e-01     3.662e-04 
    3.019e-01     9.996e-01     3.019e-01     3.820e-04 
    3.024e-01     9.996e-01     3.023e-01     3.986e-04 
    3.028e-01     9.996e-01     3.028e-01     4.160e-04 
    3.032e-01     9.996e-01     3.032e-01     4.343e-04 
    3.037e-01     9.996e-01     3.037e-01     4.535e-04 
    3.041e-01     9.995e-01     3.041e-01     4.737e-04 
    3.046e-01     9.995e-01     3.046e-01     4.950e-04 
    3.050e-01     9.995e-01     3.050e-01     5.174e-04 
    3.055e-01     9.995e-01     3.055e-01     5.409e-04 
    3.059e-01     9.995e-01     3.059e-01     5.657e-04 
    3.064e-01     9.994e-01     3.064e-01     5.918e-04 
    3.068e-01     9.994e-01     3.068e-01     6.192e-04 
    3.073e-01     9.994e-01     3.073e-01     6.481e-04 
    3.077e-01     9.994e-01     3.077e-01     6.784e-04 
    3.082e-01     9.993e-01     3.082e-01     7.103e-04 
    3.086e-01     9.993e-01     3.086e-01     7.439e-04 
    3.091e-01     9.993e-01     3.091e-01     7.791e-04 
    3.095e-01     9.992e-01     3.095e-01     8.161e-04 
    3.100e-01     9.992e-01     3.100e-01     8.548e-04 
    3.104e-01     9.991e-01     3.104e-01     8.954e-04 
    3.109e-01     9.991e-01     3.109e-01     9.378e-04 
    3.113e-01     9.991e-01     3.113e-01     9.820e-04 
    3.118e-01     9.990e-01     3.118e-01     1.028e-03 
    3.122e-01     9.990e-01     3.122e-01     1.076e-03 
    3.127e-01     9.989e-01     3.127e-01     1.126e-03 
    3.131e-01     9.989e-01     3.131e-01     1.178e-03 
    3.136e-01     9.988e-01     3.136e-01     1.232e-03 
    3.140e-01     9.988e-01     3.140e-01     1.288e-03 
    3.145e-01     9.987e-01     3.145e-01     1.345e-03 
    3.149e-01     9.987e-01     3.149e-01     1.405e-03 
    3.154e-01     9.986e-01     3.153e-01     1.466e-03 
    3.158e-01     9.985e-01     3.158e-01     1.529e-03 
    3.163e-01     9.985e-01     3.162e-01     1.594e-03 
    3.167e-01     9.984e-01     3.167e-01     1.660e-03 
    3.172e-01     9.983e-01     3.171e-01     1.728e-03 
    3.176e-01     9.983e-01     3.176e-01     1.798e-03 
    3.181e-01     9.982e-01     3.180e-01     1.869e-03 
    3.185e-01     9.981e-01     3.185e-01     1.941e-03 
    3.190e-01     9.981e-01     3.189e-01     2.015e-03 
    3.194e-01     9.980e-01     3.194e-01     2.091e-03 
    3.198e-01     9.979e-01     3.198e-01     2.168e-03 
    3.203e-01     9.978e-01     3.203e-01     2.246e-03 
    3.207e-01     9.978e-01     3.207e-01     2.326e-03 
    3.212e-01     9.977e-01     3.212e-01     2.407e-03 
    3.216e-01     9.976e-01     3.216e-01     2.490e-03 
    3.221e-01     9.975e-01     3.221e-01     2.574e-03 
    3.225e-01     9.974e-01     3.225e-01     2.661e-03 
    3.230e-01     9.973e-01     3.230e-01     2.748e-03 
    3.234e-01     9.973e-01     3.234e-01     2.838e-03 
    3.239e-01     9.972e-01     3.239e-01     2.930e-03 
    3.243e-01     9.971e-01     3.243e-01     3.023e-03 
    3.248e-01     9.970e-01     3.247e-01     3.119e-03 
    3.252e-01     9.969e-01     3.252e-01     3.216e-03 
    3.257e-01     9.968e-01     3.256e-01     3.317e-03 
    3.261e-01     9.967e-01     3.261e-01     3.419e-03 
    3.266e-01     9.966e-01     3.265e-01     3.525e-03 
    3.270e-01     9.965e-01     3.270e-01     3.633e-03 
    3.275e-01     9.964e-01     3.274e-01     3.745e-03 
    3.279e-01     9.963e-01     3.279e-01     3.860e-03 
    3.284e-01     9.961e-01     3.283e-01     3.978e-03 
    3.288e-01     9.960e-01     3.288e-01     4.100e-03 
    3.293e-01     9.959e-01     3.292e-01     4.227e-03 
    3.297e-01     9.958e-01     3.297e-01     4.357e-03 
    3.302e-01     9.956e-01     3.301e-01     4.493e-03 
    3.306e-01     9.955e-01     3.306e-01     4.634e-03 
    3.311e-01     9.954e-01     3.310e-01     4.780e-03 
    3.315e-01     9.952e-01     3.314e-01     4.932e-03 
    3.320e-01     9.951e-01     3.319e-01     5.090e-03 
    3.324e-01     9.949e-01     3.323e-01     5.255e-03 
    3.329e-01     9.947e-01     3.328e-01     5.427e-03 
    3.333e-01     9.946e-01     3.332e-01     5.607e-03 
    3.338e-01     9.944e-01     3.337e-01     5.795e-03 
    3.342e-01     9.942e-01     3.341e-01     5.991e-03 
    3.347e-01     9.940e-01     3.346e-01     6.196e-03 
    3.351e-01     9.938e-01     3.350e-01     6.411e-03 
    3.355e-01     9.936e-01     3.355e-01     6.635e-03 
    3.360e-01     9.934e-01     3.359e-01     6.871e-03 
    3.364e-01     9.931e-01     3.364e-01     7.117e-03 
    3.369e-01     9.929e-01     3.368e-01     7.375e-03 
    3.373e-01     9.926e-01     3.372e-01     7.645e-03 
    3.378e-01     9.924e-01     3.377e-01     7.928e-03 
    3.382e-01     9.921e-01     3.381e-01     8.224e-03 
    3.387e-01     9.918e-01     3.386e-01     8.534e-03 
    3.391e-01     9.915e-01     3.390e-01     8.859e-03 
    3.396e-01     9.911e-01     3.395e-01     9.199e-03 
    3.400e-01     9.908e-01     3.399e-01     9.554e-03 
    3.405e-01     9.904e-01     3.404e-01     9.925e-03 
    3.409e-01     9.901e-01     3.408e-01     1.031e-02 
    3.414e-01     9.897e-01     3.412e-01     1.072e-02 
    3.418e-01     9.893e-01     3.417e-01     1.114e-02 
    3.423e-01     9.889e-01     3.421e-01     1.158e-02 
    3.427e-01     9.884e-01     3.426e-01     1.204e-02 
    3.432e-01     9.880e-01     3.430e-01     1.252e-02 
    3.436e-01     9.875e-01     3.435e-01     1.301e-02 
    3.441e-01     9.870e-01     3.439e-01     1.353e-02 
    3.445e-01     9.865e-01     3.443e-01     1.406e-02 
    3.450e-01     9.859e-01     3.448e-01     1.462e-02 
    3.454e-01     9.854e-01     3.452e-01     1.519e-02 
    3.459e-01     9.848e-01     3.457e-01     1.578e-02 
    3.463e-01     9.842e-01     3.461e-01     1.639e-02 
    3.468e-01     9.836e-01     3.466e-01     1.703e-02 
    3.472e-01     9.830e-01     3.470e-01     1.768e-02 
    3.477e-01     9.823e-01     3.474e-01     1.835e-02 
    3.481e-01     9.816e-01     3.479e-01     1.904e-02 
    3.486e-01     9.810e-01     3.483e-01     1.976e-02 
    3.490e-01     9.802e-01     3.488e-01     2.049e-02 
    3.495e-01     9.795e-01     3.492e-01     2.125e-02 
    3.499e-01     9.788e-01     3.496e-01     2.202e-02 
    3.504e-01     9.780e-01     3.501e-01     2.282e-02 
    3.508e-01     9.772e-01     3.505e-01     2.364e-02 
    3.512e-01     9.764e-01     3.510e-01     2.448e-02 
    3.517e-01     9.755e-01     3.514e-01     2.534e-02 
    3.521e-01     9.747e-01     3.518e-01     2.622e-02 
    3.526e-01     9.738e-01     3.523e-01     2.713e-02 
    3.530e-01     9.729e-01     3.527e-01     2.805e-02 
    3.535e-01     9.719e-01     3.531e-01     2.900e-02 
    3.539e-01     9.710e-01     3.536e-01     2.997e-02 
    3.544e-01     9.700e-01     3.540e-01     3.096e-02 
    3.548e-01     9.690e-01     3.544e-01     3.198e-02 
    3.553e-01     9.680e-01     3.549e-01     3.301e-02 
    3.557e-01     9.670e-01     3.553e-01     3.407e-02 
    3.562e-01     9.659e-01     3.557e-01     3.514e-02 
    3.566e-01     9.649e-01     3.562e-01     3.624e-02 
    3.571e-01     9.638e-01     3.566e-01     3.736e-02 
    3.575e-01     9.626e-01     3.570e-01     3.850e-02 
    3.580e-01     9.615e-01     3.575e-01     3.966e-02 
    3.584e-01     9.603e-01     3.579e-01     4.084e-02 
    3.589e-01     9.592e-01     3.583e-01     4.204e-02 
    3.593e-01     9.580e-01     3.588e-01     4.327e-02 
    3.598e-01     9.567e-01     3.592e-01     4.451e-02 
    3.602e-01     9.555e-01     3.596e-01     4.577e-02 
    3.607e-01     9.542e-01     3.600e-01     4.705e-02 
    3.611e-01     9.530e-01     3.605e-01     4.835e-02 
    3.616e-01     9.517e-01     3.609e-01     4.967e-02 
    3.620e-01     9.503e-01     3.613e-01     5.100e-02 
    3.625e-01     9.490e-01     3.618e-01     5.236e-02 
    3.629e-01     9.476e-01     3.622e-01     5.373e-02 
    3.634e-01     9.463e-01     3.626e-01     5.513e-02 
    3.638e-01     9.449e-01     3.630e-01     5.654e-02 
    3.643e-01     9.435e-01     3.635e-01     5.796e-02 
    3.647e-01     9.420e-01     3.639e-01     5.941e-02 
    3.652e-01     9.406e-01     3.643e-01     6.087e-02 
    3.656e-01     9.391e-01     3.647e-01     6.235e-02 
    3.661e-01     9.377e-01     3.651e-01     6.384e-02 
    3.665e-01     9.362e-01     3.656e-01     6.535e-02 
    3.669e-01     9.347e-01     3.660e-01     6.687e-02 
    3.674e-01     9.331e-01     3.664e-01     6.841e-02 
    3.678e-01     9.316e-01     3.668e-01     6.997e-02 
    3.683e-01     9.300e-01     3.672e-01     7.154e-02 
    3.687e-01     9.285e-01     3.676e-01     7.312e-02 
    3.692e-01     9.269e-01     3.681e-01     7.471e-02 
    3.696e-01     9.253e-01     3.685e-01     7.632e-02 
    3.701e-01     9.237e-01     3.689e-01     7.794e-02 
    3.705e-01     9.221e-01     3.693e-01     7.957e-02 
    3.710e-01     9.204e-01     3.697e-01     8.122e-02 
    3.714e-01     9.188e-01     3.701e-01     8.287e-02 
    3.719e-01     9.171e-01     3.705e-01     8.454e-02 
    3.723e-01     9.155e-01     3.710e-01     8.622e-02 
    3.728e-01     9.138e-01     3.714e-01     8.791e-02 
    3.732e-01     9.121e-01     3.718e-01     8.962e-02 
    3.737e-01     9.104e-01     3.722e-01     9.134e-02 
    3.741e-01     9.087e-01     3.726e-01     9.307e-02 
    3.746e-01     9.069e-01     3.730e-01     9.481e-02 
    3.750e-01     9.052e-01     3.734e-01     9.657e-02 
    3.755e-01     9.034e-01     3.738e-01     9.835e-02 
    3.759e-01     9.017e-01     3.742e-01     1.001e-01 
    3.764e-01     8.999e-01     3.746e-01     1.019e-01 
    3.768e-01     8.981e-01     3.750e-01     1.038e-01 
    3.773e-01     8.962e-01     3.754e-01     1.056e-01 
    3.777e-01     8.944e-01     3.758e-01     1.074e-01 
    3.782e-01     8.926e-01     3.762e-01     1.093e-01 
    3.786e-01     8.907e-01     3.766e-01     1.111e-01 
    3.791e-01     8.889e-01     3.770e-01     1.130e-01 
    3.795e-01     8.870e-01     3.774e-01     1.149e-01 
    3.800e-01     8.851e-01     3.778e-01     1.168e-01 
    3.804e-01     8.832e-01     3.782e-01     1.187e-01 
    3.809e-01     8.813e-01     3.786e-01     1.206e-01 
    3.813e-01     8.794e-01     3.790e-01     1.225e-01 
    3.818e-01     8.775e-01     3.794e-01     1.245e-01 
    3.822e-01     8.755e-01     3.798e-01     1.264e-01 
    3.827e-01     8.736e-01     3.802e-01     1.283e-01 
    3.831e-01     8.717e-01     3.806e-01     1.303e-01 
    3.835e-01     8.697e-01     3.810e-01     1.322e-01 
    3.840e-01     8.678e-01     3.814e-01     1.342e-01 
    3.844e-01     8.658e-01     3.817e-01     1.361e-01 
    3.849e-01     8.639e-01     3.821e-01     1.380e-01 
    3.853e-01     8.620e-01     3.825e-01     1.400e-01 
    3.858e-01     8.600e-01     3.829e-01     1.419e-01 
    3.862e-01     8.581e-01     3.833e-01     1.439e-01 
    3.867e-01     8.561e-01     3.837e-01     1.458e-01 
    3.871e-01     8.542e-01     3.841e-01     1.478e-01 
    3.876e-01     8.522e-01     3.844e-01     1.497e-01 
    3.880e-01     8.503e-01     3.848e-01     1.517e-01 
    3.885e-01     8.483e-01     3.852e-01     1.536e-01 
    3.889e-01     8.464e-01     3.856e-01     1.556e-01 
    3.894e-01     8.444e-01     3.860e-01     1.575e-01 
    3.898e-01     8.425e-01     3.863e-01     1.594e-01 
    3.903e-01     8.406e-01     3.867e-01     1.613e-01 
    3.907e-01     8.387e-01     3.871e-01     1.633e-01 
    3.912e-01     8.367e-01     3.875e-01     1.652e-01 
    3.916e-01     8.348e-01     3.878e-01     1.671e-01 
    3.921e-01     8.329e-01     3.882e-01     1.690e-01 
    3.925e-01     8.310e-01     3.886e-01     1.709e-01 
    3.930e-01     8.291e-01     3.890e-01     1.728e-01 
    3.934e-01     8.272e-01     3.893e-01     1.747e-01 
    3.939e-01     8.253e-01     3.897e-01     1.766e-01 
    3.943e-01     8.234e-01     3.901e-01     1.785e-01 
    3.948e-01     8.215e-01     3.904e-01     1.804e-01 
    3.952e-01     8.196e-01     3.908e-01     1.823e-01 
    3.957e-01     8.177e-01     3.912e-01     1.842e-01 
    3.961e-01     8.158e-01     3.915e-01     1.861e-01 
    3.966e-01     8.139e-01     3.919e-01     1.880e-01 
    3.970e-01     8.120e-01     3.923e-01     1.899e-01 
    3.975e-01     8.101e-01     3.926e-01     1.917e-01 
    3.979e-01     8.083e-01     3.930e-01     1.936e-01 
    3.984e-01     8.064e-01     3.933e-01     1.955e-01 
    3.988e-01     8.045e-01     3.937e-01     1.974e-01 
    3.992e-01     8.026e-01     3.941e-01     1.992e-01 
    3.997e-01     8.008e-01     3.944e-01     2.011e-01 
    4.001e-01     7.989e-01     3.948e-01     2.030e-01 
    4.006e-01     7.970e-01     3.951e-01     2.049e-01 
    4.010e-01     7.951e-01     3.955e-01     2.067e-01 
    4.015e-01     7.933e-01     3.959e-01     2.086e-01 
    4.019e-01     7.914e-01     3.962e-01     2.104e-01 
    4.024e-01     7.896e-01     3.966e-01     2.123e-01 
    4.028e-01     7.877e-01     3.969e-01     2.142e-01 
    4.033e-01     7.858e-01     3.973e-01     2.160e-01 
    4.037e-01     7.840e-01     3.976e-01     2.179e-01 
    4.042e-01     7.821e-01     3.980e-01     2.197e-01 
    4.046e-01     7.803e-01     3.983e-01     2.216e-01 
    4.051e-01     7.784e-01     3.987e-01     2.234e-01 
    4.055e-01     7.766e-01     3.990e-01     2.252e-01 
    4.060e-01     7.748e-01     3.994e-01     2.271e-01 
    4.064e-01     7.729e-01     3.997e-01     2.289e-01 
    4.069e-01     7.711e-01     4.001e-01     2.307e-01 
    4.073e-01     7.693e-01     4.004e-01     2.326e-01 
    4.078e-01     7.674e-01     4.008e-01     2.344e-01 
    4.082e-01     7.656e-01     4.011e-01     2.362e-01 
    4.087e-01     7.638e-01     4.014e-01     2.380e-01 
    4.091e-01     7.620e-01     4.018e-01     2.398e-01 
    4.096e-01     7.602e-01     4.021e-01     2.417e-01 
    4.100e-01     7.583e-01     4.025e-01     2.435e-01 
    4.105e-01     7.565e-01     4.028e-01     2.453e-01 
    4.109e-01     7.547e-01     4.031e-01     2.471e-01 
    4.114e-01     7.529e-01     4.035e-01     2.489e-01 
    4.118e-01     7.511e-01     4.038e-01     2.506e-01 
    4.123e-01     7.494e-01     4.042e-01     2.524e-01 
    4.127e-01     7.476e-01     4.045e-01     2.542e-01 
    4.132e-01     7.458e-01     4.048e-01     2.560e-01 
    4.136e-01     7.440e-01     4.052e-01     2.578e-01 
    4.141e-01     7.422e-01     4.055e-01     2.595e-01 
    4.145e-01     7.405e-01     4.058e-01     2.613e-01 
    4.149e-01     7.387e-01     4.062e-01     2.631e-01 
    4.154e-01     7.369e-01     4.065e-01     2.648e-01 
    4.158e-01     7.352e-01     4.068e-01     2.666e-01 
    4.163e-01     7.334e-01     4.071e-01     2.683e-01 
    4.167e-01     7.317e-01     4.075e-01     2.701e-01 
    4.172e-01     7.299e-01     4.078e-01     2.718e-01 
    4.176e-01     7.282e-01     4.081e-01     2.735e-01 
    4.181e-01     7.265e-01     4.084e-01     2.753e-01 
    4.185e-01     7.247e-01     4.088e-01     2.770e-01 
    4.190e-01     7.230e-01     4.091e-01     2.787e-01 
    4.194e-01     7.213e-01     4.094e-01     2.804e-01 
    4.199e-01     7.196e-01     4.097e-01     2.821e-01 
    4.203e-01     7.179e-01     4.101e-01     2.839e-01 
    4.208e-01     7.161e-01     4.104e-01     2.856e-01 
    4.212e-01     7.144e-01     4.107e-01     2.873e-01 
    4.217e-01     7.127e-01     4.110e-01     2.890e-01 
    4.221e-01     7.110e-01     4.113e-01     2.907e-01 
    4.226e-01     7.093e-01     4.117e-01     2.923e-01 
    4.230e-01     7.077e-01     4.120e-01     2.940e-01 
    4.235e-01     7.060e-01     4.123e-01     2.957e-01 
    4.239e-01     7.043e-01     4.126e-01     2.974e-01 
    4.244e-01     7.026e-01     4.129e-01     2.991e-01 
    4.248e-01     7.009e-01     4.132e-01     3.007e-01 
    4.253e-01     6.993e-01     4.136e-01     3.024e-01 
    4.257e-01     6.976e-01     4.139e-01     3.040e-01 
    4.262e-01     6.960e-01     4.142e-01     3.057e-01 
    4.266e-01     6.943e-01     4.145e-01     3.074e-01 
    4.271e-01     6.926e-01     4.148e-01     3.090e-01 
    4.275e-01     6.910e-01     4.151e-01     3.106e-01 
    4.280e-01     6.894e-01     4.154e-01     3.123e-01 
    4.284e-01     6.877e-01     4.157e-01     3.139e-01 
    4.289e-01     6.861e-01     4.160e-01     3.155e-01 
    4.293e-01     6.845e-01     4.163e-01     3.171e-01 
    4.298e-01     6.829e-01     4.167e-01     3.187e-01 
    4.302e-01     6.813e-01     4.170e-01     3.203e-01 
    4.306e-01     6.797e-01     4.173e-01     3.219e-01 
    4.311e-01     6.781e-01     4.176e-01     3.235e-01 
    4.315e-01     6.765e-01     4.179e-01     3.251e-01 
    4.320e-01     6.749e-01     4.182e-01     3.267e-01 
    4.324e-01     6.733e-01     4.185e-01     3.283e-01 
    4.329e-01     6.717e-01     4.188e-01     3.298e-01 
    4.333e-01     6.702e-01     4.191e-01     3.314e-01 
    4.338e-01     6.686e-01     4.194e-01     3.329e-01 
    4.342e-01     6.671e-01     4.197e-01     3.345e-01 
    4.347e-01     6.655e-01     4.200e-01     3.360e-01 
    4.351e-01     6.640e-01     4.203e-01     3.376e-01 
    4.356e-01     6.624e-01     4.206e-01     3.391e-01 
    4.360e-01     6.609e-01     4.209e-01     3.406e-01 
    4.365e-01     6.594e-01     4.212e-01     3.421e-01 
    4.369e-01     6.579e-01     4.215e-01     3.437e-01 
    4.374e-01     6.563e-01     4.218e-01     3.452e-01 
    4.378e-01     6.548e-01     4.220e-01     3.467e-01 
    4.383e-01     6.533e-01     4.223e-01     3.481e-01 
    4.387e-01     6.519e-01     4.226e-01     3.496e-01 
    4.392e-01     6.504e-01     4.229e-01     3.511e-01 
    4.396e-01     6.489e-01     4.232e-01     3.526e-01 
    4.401e-01     6.474e-01     4.235e-01     3.540e-01 
    4.405e-01     6.460e-01     4.238e-01     3.555e-01 
    4.410e-01     6.445e-01     4.241e-01     3.569e-01 
    4.414e-01     6.431e-01     4.244e-01     3.584e-01 
    4.419e-01     6.416e-01     4.247e-01     3.598e-01 
    4.423e-01     6.402e-01     4.249e-01     3.612e-01 
    4.428e-01     6.388e-01     4.252e-01     3.626e-01 
    4.432e-01     6.374e-01     4.255e-01     3.640e-01 
    4.437e-01     6.360e-01     4.258e-01     3.654e-01 
    4.441e-01     6.346e-01     4.261e-01     3.668e-01 
    4.446e-01     6.332e-01     4.264e-01     3.682e-01 
    4.450e-01     6.318e-01     4.267e-01     3.696e-01 
    4.455e-01     6.304e-01     4.269e-01     3.709e-01 
    4.459e-01     6.291e-01     4.272e-01     3.723e-01 
    4.464e-01     6.277e-01     4.275e-01     3.736e-01 
    4.468e-01     6.264e-01     4.278e-01     3.750e-01 
    4.472e-01     6.250e-01     4.281e-01     3.763e-01 
    4.477e-01     6.237e-01     4.283e-01     3.776e-01 
    4.481e-01     6.224e-01     4.286e-01     3.790e-01 
    4.486e-01     6.210e-01     4.289e-01     3.803e-01 
    4.490e-01     6.197e-01     4.292e-01     3.816e-01 
    4.495e-01     6.184e-01     4.295e-01     3.829e-01 
    4.499e-01     6.171e-01     4.297e-01     3.841e-01 
    4.504e-01     6.159e-01     4.300e-01     3.854e-01 
    4.508e-01     6.146e-01     4.303e-01     3.867e-01 
    4.513e-01     6.133e-01     4.306e-01     3.879e-01 
    4.517e-01     6.121e-01     4.308e-01     3.892e-01 
    4.522e-01     6.108e-01     4.311e-01     3.904e-01 
    4.526e-01     6.096e-01     4.314e-01     3.917e-01 
    4.531e-01     6.083e-01     4.317e-01     3.929e-01 
    4.535e-01     6.071e-01     4.319e-01     3.941e-01 
    4.540e-01     6.059e-01     4.322e-01     3.953e-01 
    4.544e-01     6.047e-01     4.325e-01     3.965e-01 
    4.549e-01     6.035e-01     4.327e-01     3.977e-01 
    4.553e-01     6.023e-01     4.330e-01     3.989e-01 
    4.558e-01     6.011e-01     4.333e-01     4.001e-01 
    4.562e-01     5.999e-01     4.336e-01     4.013e-01 
    4.567e-01     5.987e-01     4.338e-01     4.024e-01 
    4.571e-01     5.976e-01     4.341e-01     4.036e-01 
    4.576e-01     5.964e-01     4.344e-01     4.047e-01 
    4.580e-01     5.953e-01     4.346e-01     4.059e-01 
    4.585e-01     5.941e-01     4.349e-01     4.070e-01 
    4.589e-01     5.930e-01     4.352e-01     4.082e-01 
    4.594e-01     5.918e-01     4.354e-01     4.093e-01 
    4.598e-01     5.907e-01     4.357e-01     4.104e-01 
    4.603e-01     5.896e-01     4.360e-01     4.115e-01 
    4.607e-01     5.885e-01     4.362e-01     4.126e-01 
    4.612e-01     5.874e-01     4.365e-01     4.137e-01 
    4.616e-01     5.863e-01     4.367e-01     4.148e-01 
    4.621e-01     5.852e-01     4.370e-01     4.159e-01 
    4.625e-01     5.841e-01     4.373e-01     4.170e-01 
    4.629e-01     5.830e-01     4.375e-01     4.180e-01 
    4.634e-01     5.820e-01     4.378e-01     4.191e-01 
    4.638e-01     5.809e-01     4.381e-01     4.201e-01 
    4.643e-01     5.799e-01     4.383e-01     4.212e-01 
    4.647e-01     5.788e-01     4.386e-01     4.222e-01 
    4.652e-01     5.778e-01     4.388e-01     4.233e-01 
    4.656e-01     5.767e-01     4.391e-01     4.243e-01 
    4.661e-01     5.757e-01     4.393e-01     4.254e-01 
    4.665e-01     5.746e-01     4.396e-01     4.264e-01 
    4.670e-01     5.736e-01     4.399e-01     4.274e-01 
    4.674e-01     5.726e-01     4.401e-01     4.284e-01 
    4.679e-01     5.716e-01     4.404e-01     4.294e-01 
    4.683e-01     5.706e-01     4.406e-01     4.304e-01 
    4.688e-01     5.696e-01     4.409e-01     4.314e-01 
    4.692e-01     5.686e-01     4.411e-01     4.324e-01 
    4.697e-01     5.676e-01     4.414e-01     4.334e-01 
    4.701e-01     5.666e-01     4.417e-01     4.344e-01 
    4.706e-01     5.656e-01     4.419e-01     4.353e-01 
    4.710e-01     5.647e-01     4.422e-01     4.363e-01 
    4.715e-01     5.637e-01     4.424e-01     4.373e-01 
    4.719e-01     5.627e-01     4.427e-01     4.382e-01 
    4.724e-01     5.618e-01     4.429e-01     4.392e-01 
    4.728e-01     5.608e-01     4.432e-01     4.401e-01 
    4.733e-01     5.599e-01     4.434e-01     4.411e-01 
    4.737e-01     5.589e-01     4.437e-01     4.420e-01 
    4.742e-01     5.580e-01     4.439e-01     4.430e-01 
    4.746e-01     5.570e-01     4.442e-01     4.439e-01 
    4.751e-01     5.561e-01     4.444e-01     4.448e-01 
    4.755e-01     5.552e-01     4.447e-01     4.458e-01 
    4.760e-01     5.542e-01     4.449e-01     4.467e-01 
    4.764e-01     5.533e-01     4.452e-01     4.476e-01 
    4.769e-01     5.524e-01     4.454e-01     4.485e-01 
    4.773e-01     5.515e-01     4.457e-01     4.494e-01 
    4.778e-01     5.506e-01     4.459e-01     4.503e-01 
    4.782e-01     5.497e-01     4.462e-01     4.512e-01 
    4.786e-01     5.488e-01     4.464e-01     4.521e-01 
    4.791e-01     5.479e-01     4.466e-01     4.530e-01 
    4.795e-01     5.470e-01     4.469e-01     4.539e-01 
    4.800e-01     5.461e-01     4.471e-01     4.548e-01 
    4.804e-01     5.452e-01     4.474e-01     4.557e-01 
    4.809e-01     5.443e-01     4.476e-01     4.566e-01 
    4.813e-01     5.434e-01     4.479e-01     4.574e-01 
    4.818e-01     5.426e-01     4.481e-01     4.583e-01 
    4.822e-01     5.417e-01     4.484e-01     4.592e-01 
    4.827e-01     5.408e-01     4.486e-01     4.600e-01 
    4.831e-01     5.400e-01     4.488e-01     4.609e-01 
    4.836e-01     5.391e-01     4.491e-01     4.618e-01 
    4.840e-01     5.382e-01     4.493e-01     4.626e-01 
    4.845e-01     5.374e-01     4.496e-01     4.635e-01 
    4.849e-01     5.365e-01     4.498e-01     4.643e-01 
    4.854e-01     5.357e-01     4.500e-01     4.652e-01 
    4.858e-01     5.348e-01     4.503e-01     4.660e-01 
    4.863e-01     5.340e-01     4.505e-01     4.669e-01 
    4.867e-01     5.331e-01     4.508e-01     4.677e-01 
    4.872e-01     5.323e-01     4.510e-01     4.685e-01 
    4.876e-01     5.315e-01     4.512e-01     4.693e-01 
    4.881e-01     5.307e-01     4.515e-01     4.702e-01 
    4.885e-01     5.298e-01     4.517e-01     4.710e-01 
    4.890e-01     5.290e-01     4.520e-01     4.718e-01 
    4.894e-01     5.282e-01     4.522e-01     4.726e-01 
    4.899e-01     5.274e-01     4.524e-01     4.734e-01 
    4.903e-01     5.266e-01     4.527e-01     4.742e-01 
    4.908e-01     5.258e-01     4.529e-01     4.750e-01 
    4.912e-01     5.250e-01     4.531e-01     4.758e-01 
    4.917e-01     5.242e-01     4.534e-01     4.766e-01 
    4.921e-01     5.234e-01     4.536e-01     4.774e-01 
    4.926e-01     5.226e-01     4.538e-01     4.781e-01 
    4.930e-01     5.219e-01     4.541e-01     4.789e-01 
    4.935e-01     5.211e-01     4.543e-01     4.797e-01 
    4.939e-01     5.203e-01     4.545e-01     4.805e-01 
    4.944e-01     5.195e-01     4.548e-01     4.812e-01 
    4.948e-01     5.188e-01     4.550e-01     4.820e-01 
    4.952e-01     5.180e-01     4.552e-01     4.827e-01 
    4.957e-01     5.173e-01     4.555e-01     4.835e-01 
    4.961e-01     5.165e-01     4.557e-01     4.842e-01 
    4.966e-01     5.158e-01     4.559e-01     4.850e-01 
    4.970e-01     5.150e-01     4.562e-01     4.857e-01 
    4.975e-01     5.143e-01     4.564e-01     4.865e-01 
    4.979e-01     5.135e-01     4.566e-01     4.872e-01 
    4.984e-01     5.128e-01     4.569e-01     4.879e-01 
    4.988e-01     5.121e-01     4.571e-01     4.887e-01 
    4.993e-01     5.113e-01     4.573e-01     4.894e-01 
    4.997e-01     5.106e-01     4.575e-01     4.901e-01 
    5.002e-01     5.099e-01     4.578e-01     4.908e-01 
